5453
8979
3040
8676
5556
8090
8283
8988
6555
5242
1202
2717
5767
5453
4232
4434
5352
8898
8786
9686
5444
4454
4142
6151
4241
2838
5453
0405
1707
5262
7060
4647
4232
4454
4443
8979
6968
8283
2131
3738
1303
7565
5444
6070
4344
7666
5354
4030
8575
7877
2324
6050
8393
7484
2939
5868
7686
9293
8384
5141
3839
9594
2333
5363
5758
5747
7273
4939
3536
4656
2829
5253
4252
5051
8485
3839
7776
3626
6564
5251
4847
8777
1213
1222
4555
1606
1110
9796
2120
9798
0605
2010
0313
2928
1222
4555
0515
6364
7868
9594
