8676
4232
9796
4849
7372
4443
7666
5747
1000
2524
9495
7473
7080
5060
3525
7666
2818
3626
6070
2625
8786
8788
4656
2524
6979
6465
8373
4434
5868
9686
0506
2728
2324
8483
6777
9282
6272
5161
1718
6373
6362
4353
4555
3637
8494
2636
9594
4050
4353
5666
2535
5051
2313
8586
5565
7989
8494
9291
5352
6061
3738
6869
2434
2434
6373
6566
8898
3837
0010
8777
7060
4636
3545
6454
4232
2717
7383
9787
2434
8685
1716
0908
4939
0818
7172
6160
8483
5253
2333
9091
7776
1909
0717
0203
5363
8595
0203
2434
5848
6676
